30.385948
37.41412
38.99538
41.430364
34.729538
29.950621
29.559177
28.538331
28.538331
38.99538
34.178124
29.950621
28.538331
34.729538
37.41412
34.729538
34.729538
41.430364
37.41412
34.729538
34.729538
28.538331
30.385948
34.729538
28.538331
34.729538
38.883239
37.08681
34.729538
35.000989
37.08681
37.41412
28.538331
34.729538
37.08681
37.08681
28.538331
28.538331
41.430364
34.178124
28.538331
34.729538
34.729538
41.430364
28.538331
28.538331
28.538331
28.538331
28.538331
34.729538
28.538331
30.385948
34.729538
37.08681
37.41412
30.385948
38.99538
28.538331
34.729538
34.729538
30.385948
38.99538
34.729538
37.08681
34.178124
34.178124
34.729538
38.883239
38.883239
37.08681
41.430364
37.911289
38.99538
41.430364
38.99538
38.99538
34.729538
28.538331
38.883239
34.729538
38.99538
34.729538
38.883239
34.178124
30.385948
35.000989
37.08681
35.000989
34.729538
34.729538
34.178124
28.538331
37.911289
38.883239
38.883239
38.883239
38.99538
37.911289
41.430364
41.430364
37.911289
34.729538
37.08681
34.729538
30.385948
30.385948
28.538331
38.883239
28.538331
37.08681
34.729538
29.559177
28.538331
29.950621
30.385948
34.178124
37.08681
30.385948
41.430364
37.08681
34.729538
41.430364
34.729538
34.729538
37.08681
28.538331
28.538331
35.000989
37.911289
28.538331
34.729538
34.729538
34.729538
34.178124
34.178124
34.178124
34.729538
29.950621
34.729538
28.538331
41.430364
34.729538
28.538331
30.385948
41.430364
29.950621
30.385948
30.385948
28.538331
28.538331
34.178124
41.430364
30.385948
34.729538
28.538331
29.559177
34.729538
34.178124
29.950621
41.430364
34.729538
37.08681
37.08681
28.538331
34.729538
34.729538
37.08681
34.729538
34.178124
34.729538
34.178124
34.729538
34.729538
41.430364
38.883239
30.385948
34.178124
34.729538
34.729538
37.08681
34.729538
38.883239
30.385948
41.430364
29.950621
29.559177
41.430364
34.729538
30.385948
37.08681
34.729538
28.538331
34.729538
30.385948
37.911289
34.729538
34.178124
29.950621
37.08681
28.538331
38.883239
34.729538
34.729538
37.08681
28.538331
34.729538
41.430364
38.99538
34.729538
34.729538
41.430364
34.729538
34.729538
41.430364
29.950621
34.729538
34.729538
38.99538
29.950621
34.729538
34.729538
37.41412
38.99538
37.08681
28.538331
41.430364
34.729538
34.729538
28.538331
29.950621
28.538331
34.729538
34.729538
37.08681
34.178124
34.729538
37.08681
34.729538
37.08681
28.538331
37.08681
41.430364
41.430364
34.729538
37.08681
34.729538
34.729538
28.538331
28.538331
34.178124
30.385948
34.729538
35.000989
34.178124
37.08681
38.99538
28.538331
28.538331
34.729538
34.729538
34.729538
28.538331
28.538331
34.178124
41.430364
38.99538
41.430364
34.729538
28.538331
28.538331
28.538331
34.729538
34.729538
34.729538
34.729538
34.729538
29.950621
38.883239
38.99538
38.883239
35.000989
37.911289
34.178124
41.430364
34.729538
34.729538
37.41412
34.729538
34.178124
28.538331
34.729538
38.883239
38.99538
37.911289
28.538331
30.385948
34.729538
41.430364
29.950621
34.729538
38.883239
29.950621
34.729538
34.729538
37.08681
38.883239
37.08681
28.538331
38.883239
28.538331
28.538331
34.729538
34.178124
34.729538
37.41412
29.559177
28.538331
37.08681
30.385948
37.08681
37.08681
38.99538
28.538331
29.559177
29.950621
34.729538
30.385948
28.538331
34.729538
38.99538
34.178124
37.41412
41.430364
34.178124
38.99538
37.08681
38.99538
34.729538
28.538331
28.538331
38.99538
34.729538
37.08681
41.430364
34.729538
30.385948
34.729538
28.538331
37.08681
34.729538
28.538331
34.729538
34.729538
34.729538
28.538331
28.538331
37.08681
30.385948
34.729538
34.178124
30.385948
41.430364
38.883239
37.08681
34.178124
28.538331
30.385948
41.430364
41.430364
28.538331
34.729538
28.538331
34.729538
38.99538
38.99538
37.41412
30.385948
34.729538
38.99538
37.08681
41.430364
34.178124
41.430364
28.538331
28.538331
38.99538
28.538331
41.430364
34.178124
34.729538
34.729538
38.99538
34.729538
29.950621
38.883239
37.08681
34.729538
28.538331
28.538331
34.729538
28.538331
28.538331
37.08681
37.08681
28.538331
34.729538
38.99538
34.729538
34.729538
34.729538
34.178124
34.729538
28.538331
34.729538
28.538331
41.430364
28.538331
37.41412
37.08681
38.883239
34.729538
41.430364
34.178124
41.430364
28.538331
34.729538
34.178124
34.729538
37.08681
34.729538
34.729538
41.430364
38.99538
34.729538
37.08681
34.729538
37.911289
41.430364
34.729538
28.538331
34.729538
34.729538
38.99538
38.99538
37.41412
37.08681
37.08681
28.538331
34.178124
34.178124
37.08681
28.538331
38.99538
34.178124
38.99538
34.729538
41.430364
30.385948
38.883239
34.729538
34.729538
34.729538
29.950621
38.883239
34.729538
28.538331
34.729538
34.729538
28.538331
30.385948
28.538331
34.178124
34.178124
34.729538
37.08681
37.08681
34.729538
41.430364
34.729538
28.538331
28.538331
37.911289
28.538331
37.08681
