-89.604486
-122.052585
-76.853161
-81.808561
-86.585283
-90.074948
-95.097897
-81.378879
-81.378879
-76.853161
-118.150662
-90.074948
-81.378879
-86.585283
-122.052585
-86.585283
-86.585283
-81.808561
-122.052585
-86.585283
-86.585283
-81.378879
-89.604486
-86.585283
-81.378879
-86.585283
-77.016473
-76.376649
-86.585283
-117.888837
-76.376649
-122.052585
-81.378879
-86.585283
-76.376649
-76.376649
-81.378879
-81.378879
-81.808561
-118.150662
-81.378879
-86.585283
-86.585283
-81.808561
-81.378879
-81.378879
-81.378879
-81.378879
-81.378879
-86.585283
-81.378879
-89.604486
-86.585283
-76.376649
-122.052585
-89.604486
-76.853161
-81.378879
-86.585283
-86.585283
-89.604486
-76.853161
-86.585283
-76.376649
-118.150662
-118.150662
-86.585283
-77.016473
-77.016473
-76.376649
-81.808561
-75.469622
-76.853161
-81.808561
-76.853161
-76.853161
-86.585283
-81.378879
-77.016473
-86.585283
-76.853161
-86.585283
-77.016473
-118.150662
-89.604486
-117.888837
-76.376649
-117.888837
-86.585283
-86.585283
-118.150662
-81.378879
-75.469622
-77.016473
-77.016473
-77.016473
-76.853161
-75.469622
-81.808561
-81.808561
-75.469622
-86.585283
-76.376649
-86.585283
-89.604486
-89.604486
-81.378879
-77.016473
-81.378879
-76.376649
-86.585283
-95.097897
-81.378879
-90.074948
-89.604486
-118.150662
-76.376649
-89.604486
-81.808561
-76.376649
-86.585283
-81.808561
-86.585283
-86.585283
-76.376649
-81.378879
-81.378879
-117.888837
-75.469622
-81.378879
-86.585283
-86.585283
-86.585283
-118.150662
-118.150662
-118.150662
-86.585283
-90.074948
-86.585283
-81.378879
-81.808561
-86.585283
-81.378879
-89.604486
-81.808561
-90.074948
-89.604486
-89.604486
-81.378879
-81.378879
-118.150662
-81.808561
-89.604486
-86.585283
-81.378879
-95.097897
-86.585283
-118.150662
-90.074948
-81.808561
-86.585283
-76.376649
-76.376649
-81.378879
-86.585283
-86.585283
-76.376649
-86.585283
-118.150662
-86.585283
-118.150662
-86.585283
-86.585283
-81.808561
-77.016473
-89.604486
-118.150662
-86.585283
-86.585283
-76.376649
-86.585283
-77.016473
-89.604486
-81.808561
-90.074948
-95.097897
-81.808561
-86.585283
-89.604486
-76.376649
-86.585283
-81.378879
-86.585283
-89.604486
-75.469622
-86.585283
-118.150662
-90.074948
-76.376649
-81.378879
-77.016473
-86.585283
-86.585283
-76.376649
-81.378879
-86.585283
-81.808561
-76.853161
-86.585283
-86.585283
-81.808561
-86.585283
-86.585283
-81.808561
-90.074948
-86.585283
-86.585283
-76.853161
-90.074948
-86.585283
-86.585283
-122.052585
-76.853161
-76.376649
-81.378879
-81.808561
-86.585283
-86.585283
-81.378879
-90.074948
-81.378879
-86.585283
-86.585283
-76.376649
-118.150662
-86.585283
-76.376649
-86.585283
-76.376649
-81.378879
-76.376649
-81.808561
-81.808561
-86.585283
-76.376649
-86.585283
-86.585283
-81.378879
-81.378879
-118.150662
-89.604486
-86.585283
-117.888837
-118.150662
-76.376649
-76.853161
-81.378879
-81.378879
-86.585283
-86.585283
-86.585283
-81.378879
-81.378879
-118.150662
-81.808561
-76.853161
-81.808561
-86.585283
-81.378879
-81.378879
-81.378879
-86.585283
-86.585283
-86.585283
-86.585283
-86.585283
-90.074948
-77.016473
-76.853161
-77.016473
-117.888837
-75.469622
-118.150662
-81.808561
-86.585283
-86.585283
-122.052585
-86.585283
-118.150662
-81.378879
-86.585283
-77.016473
-76.853161
-75.469622
-81.378879
-89.604486
-86.585283
-81.808561
-90.074948
-86.585283
-77.016473
-90.074948
-86.585283
-86.585283
-76.376649
-77.016473
-76.376649
-81.378879
-77.016473
-81.378879
-81.378879
-86.585283
-118.150662
-86.585283
-122.052585
-95.097897
-81.378879
-76.376649
-89.604486
-76.376649
-76.376649
-76.853161
-81.378879
-95.097897
-90.074948
-86.585283
-89.604486
-81.378879
-86.585283
-76.853161
-118.150662
-122.052585
-81.808561
-118.150662
-76.853161
-76.376649
-76.853161
-86.585283
-81.378879
-81.378879
-76.853161
-86.585283
-76.376649
-81.808561
-86.585283
-89.604486
-86.585283
-81.378879
-76.376649
-86.585283
-81.378879
-86.585283
-86.585283
-86.585283
-81.378879
-81.378879
-76.376649
-89.604486
-86.585283
-118.150662
-89.604486
-81.808561
-77.016473
-76.376649
-118.150662
-81.378879
-89.604486
-81.808561
-81.808561
-81.378879
-86.585283
-81.378879
-86.585283
-76.853161
-76.853161
-122.052585
-89.604486
-86.585283
-76.853161
-76.376649
-81.808561
-118.150662
-81.808561
-81.378879
-81.378879
-76.853161
-81.378879
-81.808561
-118.150662
-86.585283
-86.585283
-76.853161
-86.585283
-90.074948
-77.016473
-76.376649
-86.585283
-81.378879
-81.378879
-86.585283
-81.378879
-81.378879
-76.376649
-76.376649
-81.378879
-86.585283
-76.853161
-86.585283
-86.585283
-86.585283
-118.150662
-86.585283
-81.378879
-86.585283
-81.378879
-81.808561
-81.378879
-122.052585
-76.376649
-77.016473
-86.585283
-81.808561
-118.150662
-81.808561
-81.378879
-86.585283
-118.150662
-86.585283
-76.376649
-86.585283
-86.585283
-81.808561
-76.853161
-86.585283
-76.376649
-86.585283
-75.469622
-81.808561
-86.585283
-81.378879
-86.585283
-86.585283
-76.853161
-76.853161
-122.052585
-76.376649
-76.376649
-81.378879
-118.150662
-118.150662
-76.376649
-81.378879
-76.853161
-118.150662
-76.853161
-86.585283
-81.808561
-89.604486
-77.016473
-86.585283
-86.585283
-86.585283
-90.074948
-77.016473
-86.585283
-81.378879
-86.585283
-86.585283
-81.378879
-89.604486
-81.378879
-118.150662
-118.150662
-86.585283
-76.376649
-76.376649
-86.585283
-81.808561
-86.585283
-81.378879
-81.378879
-75.469622
-81.378879
-76.376649
